1750437254897 0.4953971408134283 0
1750437270077 0.3356469959713692 1
1750437283267 0.26495684787284496 2
1750437296603 0.23396025494087574 3
1750437309678 0.21549475678177768 4
1750437322764 0.20233062221560366 5
1750437335911 0.1930808085341786 6
1750437349218 0.1773053778465404 7
1750437362598 0.15585115673237068 8
1750437375733 0.14817754196566205 9
1750437388806 0.12998460423807764 10
1750437401973 0.11284327125826547 11
1750437414864 0.10496950244834256 12
1750437428041 0.0913851122523463 13
1750437441412 0.08298155292868614 14
1750437454500 0.07827839853112088 15
1750437467543 0.07607798113725907 16
1750437480378 0.07074991596299549 17
1750437493258 0.062395319169343905 18
1750437506342 0.055616024101889414 19
1750437519434 0.04676036450058915 20
1750437532840 0.03960803424029849 21
1750437545854 0.03520403724423675 22
1750437558849 0.03454655261580334 23
1750437571808 0.03239692492020685 24
1750437584745 0.027680451440256694 25
1750437597604 0.025120011682427206 26
1750437610456 0.022288835780738397 27
1750437623227 0.023472819304050402 28
1750437636054 0.01951271681071714 29
1750437649168 0.01641480358274177 30
1750437662022 0.015395664090160714 31
1750437674982 0.015217030637486036 32
1750437687965 0.01337917345077839 33
1750437700718 0.01295652971494683 34
1750437713734 0.011745846862796434 35
1750437726596 0.012244901988048887 36
1750437739887 0.01018009437681284 37
1750437752798 0.01019987378399386 38
1750437765541 0.00930028615606039 39
1750437778486 0.009247542878742828 40
1750437791007 0.008007647572518435 41
1750437803481 0.006756352915883411 42
1750437816111 0.00758986966142994 43
1750437828461 0.007259504165673672 44
1750437840811 0.0067460373650456585 45
1750437853320 0.006285891207584808 46
1750437865733 0.006448285946579173 47
1750437878005 0.006220445161425444 48
1750437890483 0.005855183913047577 49
1750437902885 0.005261017042103895 50
1750437915297 0.005259199939711496 51
1750437927683 0.005310132054525406 52
1750437940081 0.005353658974473906 53
1750437952476 0.0051302128189871475 54
1750437964947 0.004849164069868451 55
1750437977357 0.004926138820104994 56
1750437989724 0.004614950861608566 57
1750438002134 0.004489939199587287 58
1750438014583 0.004478264887015833 59
1750438027324 0.0038961921439527774 60
1750438039936 0.004363288090369383 61
1750438052450 0.0042787739048646975 62
1750438065074 0.0038827105593152865 63
1750438077576 0.004849554423979202 64
1750438090087 0.004436597980688824 65
1750438102521 0.003831540938293518 66
1750438115131 0.0042538222326182346 67
1750438127689 0.0037776295144414137 68
1750438140344 0.0041943635022657555 69
1750438154726 0.0041980867458204195 70
1750438167520 0.004065141620569278 71
1750438182857 0.004022408639578972 72
1750438196018 0.003779449421630869 73
1750438208729 0.004107493993847869 74
1750438221211 0.004283954210709347 75
1750438233657 0.003756736361876477 76
1750438246131 0.0036753006820935148 77
1750438258549 0.004087516187885126 78
1750438271040 0.0037455397203218104 79
1750438283550 0.00344740227947748 80
1750438295979 0.0034170836849181456 81
1750438308532 0.0033802511847339746 82
1750438320990 0.003742514142961523 83
1750438333334 0.0036091917589696687 84
1750438345922 0.003722765791598101 85
1750438358489 0.0035562746356739556 86
1750438371131 0.0035377959206397106 87
1750438383565 0.0036058671539649367 88
1750438396194 0.003500552520394152 89
1750438409891 0.003576910450816328 90
1750438422239 0.003754138995265198 91
1750438434685 0.0035609372371677743 92
1750438447063 0.003528834428898124 93
1750438459538 0.003488287329673767 94
1750438471892 0.003547541502061798 95
1750438484253 0.003451975325100817 96
1750438496683 0.003650059552624995 97
1750438509340 0.0030396973719647113 98
1750438523920 0.0035535887365640943 99
1750438536920 0.0035305314989717202 100
1750438549702 0.0036695018291560025 101
1750438562916 0.0034760375599225245 102
1750438575835 0.003718747210493961 103
1750438588629 0.003544936200257304 104
1750438601564 0.003821349848971464 105
1750438614416 0.0032102134793477004 106
1750438627759 0.003496827622658985 107
1750438640288 0.003254061004385179 108
1750438652848 0.003553489493855903 109
1750438665300 0.0034671116371227557 110
1750438677886 0.0032432329892397448 111
1750438690312 0.0031194451568258364 112
1750438703085 0.0030719296069989022 113
1750438715457 0.0037494780452445495 114
1750438727987 0.003517556513204824 115
1750438740718 0.0034935136033265395 116
1750438753219 0.003093247180046557 117
1750438765754 0.0035048845104959816 118
1750438778656 0.0035463725216686726 119
1750438791191 0.0032142908122867 120
1750438803647 0.0033483276438769386 121
1750438816221 0.0034969652743013792 122
1750438828673 0.0030909679331925025 123
1750438841136 0.0033724004955052638 124
1750438853692 0.003428287000048819 125
1750438866167 0.0032898874216994575 126
