1750433256885 37.754689593647804 0
1750433273216 36.375495200933415 1
1750433285810 36.186590061631314 2
1750433299447 35.97892601545467 3
1750433312636 35.86081943955532 4
1750433325402 35.722425239030706 5
1750433338266 35.64497242417446 6
1750433350934 35.502816222434824 7
1750433363789 35.339463965837346 8
1750433376586 35.16984868604084 9
1750433389318 34.791771910911386 10
1750433402000 34.51874497879383 11
1750433414719 34.08584257613781 12
1750433427564 33.554794755092885 13
1750433440765 32.43747768845669 14
1750433453553 31.038610724515692 15
1750433466599 29.596219439839206 16
1750433479697 27.226037934769032 17
1750433492323 25.4020723742108 18
1750433504809 23.451823123665744 19
1750433517569 20.581907848979153 20
1750433530715 18.99876845160196 21
1750433543603 17.119644586430038 22
1750433556586 15.474934799726618 23
1750433569567 14.011704555777616 24
1750433582507 12.967703131742256 25
1750433595127 12.220289185989735 26
1750433607555 10.722105336743732 27
1750433619990 9.446052384930988 28
1750433632352 8.238723211510237 29
1750433644626 7.4580516149831375 30
1750433657116 6.708516996960308 31
1750433669722 6.223335066507029 32
1750433683233 6.149478712747263 33
1750433695525 5.634522881618766 34
1750433708834 5.373662272164988 35
1750433721371 5.132528499115345 36
1750433733779 4.6570848753285965 37
1750433746184 4.286727938541146 38
1750433758595 3.875845476638439 39
1750433770932 3.7431924454001493 40
1750433783378 3.6247971612353656 41
1750433795675 3.5873185867486996 42
1750433808008 3.2869900936304135 43
1750433820230 3.1353294405826304 44
1750433832576 3.0164636650750802 45
1750433844885 2.8961063678874526 46
1750433857210 2.882771056751872 47
1750433869502 2.750318640886351 48
1750433881865 2.5062860472257746 49
1750433894171 2.5871251793794854 50
1750433906478 2.439149257748626 51
1750433918813 2.3254932788915412 52
1750433931353 2.4036389034847883 53
1750433943695 2.295211531395136 54
1750433956015 2.413383342498957 55
1750433968410 2.175974543704543 56
1750433980731 2.2328598471575005 57
1750433993048 2.0053858964942224 58
1750434005404 2.188167987867843 59
1750434017707 2.087909077489099 60
1750434030071 2.0792242565820382 61
1750434042434 1.9426269780757814 62
1750434054793 1.8958469074825908 63
1750434067136 1.8401593163956043 64
1750434079770 1.8563930350680684 65
1750434092263 1.848773953526519 66
1750434104797 1.8166147636812786 67
1750434117229 1.8820041224013928 68
1750434129557 1.7826060500255851 69
1750434141865 1.8095407250315645 70
1750434154145 1.742284148238426 71
1750434166522 1.7198762477830398 72
1750434178902 1.6984097015026003 73
1750434191300 1.77396621537763 74
1750434203639 1.7575630628785421 75
1750434215967 1.6262137487877246 76
1750434228241 1.6364771987116613 77
1750434240611 1.630898350893065 78
1750434252974 1.7355463837468348 79
1750434265312 1.6350994858630867 80
1750434277621 1.6161906095438225 81
1750434289960 1.6428503297096075 82
1750434302365 1.6409574594608574 83
1750434314755 1.653039394423019 84
1750434327421 1.647344705670379 85
1750434339792 1.589191776375438 86
1750434352196 1.6366361421208049 87
1750434364549 1.5034059112848237 88
1750434376939 1.5878949026728786 89
1750434389354 1.59140649784443 90
1750434401719 1.611011196014493 91
1750434414098 1.5269656527874083 92
1750434426505 1.5970875690149706 93
1750434438930 1.6381558360055435 94
1750434451299 1.544092671815739 95
1750434463710 1.6513521116833354 96
1750434476130 1.5433864759844402 97
1750434488604 1.5428106147189473 98
1750434500999 1.5220411295114562 99
1750434513441 1.609017975108568 100
1750434525873 1.5159159399742304 101
1750434538318 1.5061386241469272 102
1750434550731 1.6118864015091297 103
