1750448119630 199.744873046875 0
1750448119842 217.97238159179688 1
1750448120060 161.39117431640625 2
1750448120276 112.28096008300781 3
1750448120493 114.70956420898438 4
1750448120709 118.69515991210938 5
1750448120921 117.57142639160156 6
1750448121133 115.99040222167969 7
1750448121356 90.38233184814453 8
1750448121566 113.0986557006836 9
1750448121779 106.95235443115234 10
1750448122006 91.78095245361328 11
1750448122223 94.62063598632812 12
1750448122431 106.69252014160156 13
1750448122639 92.83824157714844 14
1750448122855 105.74479675292969 15
1750448123069 97.03874969482422 16
1750448123302 102.61219024658203 17
1750448123514 91.88893127441406 18
1750448123734 121.12307739257812 19
1750448123940 92.9210205078125 20
1750448133512 108.47221374511719 21
1750448133719 85.0577392578125 22
1750448133930 107.3854751586914 23
1750448134156 102.8888168334961 24
1750448134382 100.86360168457031 25
1750448134600 97.71141052246094 26
1750448134813 91.11807250976562 27
1750448135022 89.038818359375 28
1750448135237 97.10661315917969 29
1750448135455 99.00233459472656 30
1750448135680 92.50860595703125 31
1750448135887 95.28043365478516 32
1750448136109 98.77481842041016 33
1750448136316 84.95265197753906 34
1750448136530 99.42561340332031 35
1750448136748 97.83126068115234 36
1750448136958 100.12870788574219 37
1750448137184 82.9930191040039 38
1750448137395 96.69784545898438 39
1750448137610 89.70179748535156 40
1750448137818 94.0972671508789 41
1750448145480 100.53651428222656 42
1750448145697 93.57523345947266 43
1750448145919 104.39569854736328 44
1750448146139 89.9510726928711 45
1750448146357 89.81085968017578 46
1750448146567 97.07498931884766 47
1750448146776 94.62408447265625 48
1750448146998 95.93350982666016 49
1750448147211 91.79997253417969 50
1750448147429 90.20536804199219 51
1750448147643 93.84445190429688 52
1750448147852 88.34413146972656 53
1750448148071 88.90767669677734 54
1750448148290 87.52635192871094 55
1750448148515 76.24905395507812 56
1750448148732 85.72943115234375 57
1750448148959 90.68894958496094 58
1750448149167 83.29212951660156 59
1750448149381 92.72212982177734 60
1750448149602 82.614990234375 61
1750448149822 94.37185668945312 62
1750448157537 93.48968505859375 63
1750448157742 95.33168029785156 64
1750448157961 90.23419189453125 65
1750448158171 95.16316223144531 66
1750448158384 100.79894256591797 67
1750448158595 93.48878479003906 68
1750448158819 90.14768981933594 69
1750448159038 90.74087524414062 70
1750448159259 95.35406494140625 71
1750448159473 90.31106567382812 72
1750448159689 91.20309448242188 73
1750448159909 93.95525360107422 74
1750448160130 93.25499725341797 75
1750448160337 101.21919250488281 76
1750448160547 89.63043212890625 77
1750448160769 88.76361846923828 78
1750448160976 93.51841735839844 79
1750448161189 78.65205383300781 80
1750448161404 84.93302154541016 81
1750448161616 86.51324462890625 82
1750448161839 87.55825805664062 83
1750448169542 95.06782531738281 84
1750448169755 95.4833984375 85
1750448169978 89.89520263671875 86
1750448170198 86.2858657836914 87
1750448170413 96.82809448242188 88
1750448170659 87.29463195800781 89
1750448170908 94.60368347167969 90
1750448171159 85.70799255371094 91
1750448171395 84.337890625 92
1750448171632 98.93882751464844 93
1750448171910 96.42440032958984 94
1750448172152 87.29176330566406 95
1750448172384 80.1880874633789 96
1750448172669 79.4085693359375 97
1750448172934 90.57510375976562 98
1750448173166 85.08511352539062 99
1750448173395 91.23005676269531 100
1750448173627 84.66606140136719 101
1750448173842 90.11979675292969 102
1750448174069 77.2598876953125 103
1750448174290 77.10277557373047 104
1750448183521 84.34910583496094 105
1750448183744 85.55331420898438 106
1750448183955 91.5301513671875 107
1750448184168 84.55780029296875 108
1750448184384 85.48612976074219 109
1750448184599 76.26858520507812 110
1750448184852 79.90286254882812 111
1750448185076 84.2547607421875 112
1750448185292 79.6578369140625 113
1750448185522 77.39830017089844 114
1750448185741 84.01484680175781 115
1750448185953 83.06158447265625 116
1750448186162 83.99336242675781 117
1750448186373 82.52633666992188 118
1750448186586 79.0596923828125 119
1750448186791 93.06991577148438 120
1750448187001 94.10765075683594 121
1750448187217 83.67964935302734 122
1750448187429 79.09269714355469 123
1750448187652 85.94636535644531 124
1750448187865 71.75680541992188 125
1750448195804 90.68231964111328 126
1750448196031 94.77333068847656 127
1750448196246 81.24803161621094 128
1750448196461 82.03874969482422 129
1750448196674 77.06075286865234 130
1750448196891 82.8116683959961 131
1750448197102 85.99525451660156 132
1750448197313 72.34867858886719 133
1750448197532 88.40855407714844 134
1750448197751 83.1598892211914 135
1750448197967 91.18657684326172 136
1750448198179 78.98611450195312 137
1750448198405 84.36257934570312 138
1750448198619 89.83184814453125 139
1750448198829 94.46318817138672 140
1750448199035 82.0809326171875 141
1750448199250 83.50347900390625 142
1750448199469 70.61095428466797 143
1750448199700 73.04545593261719 144
1750448199919 85.14241027832031 145
1750448200144 95.21109771728516 146
1750448207900 85.19512939453125 147
1750448208122 79.43872833251953 148
1750448208330 88.35255432128906 149
1750448208539 84.89127349853516 150
1750448208756 84.21237182617188 151
1750448208973 81.73344421386719 152
1750448209187 91.373291015625 153
1750448209400 80.79838562011719 154
1750448209614 95.53244018554688 155
1750448209830 74.8268814086914 156
1750448210058 82.76689147949219 157
1750448210276 85.97378540039062 158
1750448210500 81.62934875488281 159
1750448210724 87.99142456054688 160
1750448210932 79.00189208984375 161
1750448211149 82.463623046875 162
1750448211360 81.91291809082031 163
1750448211570 74.43614959716797 164
1750448211783 76.46636199951172 165
1750448211991 77.3095474243164 166
1750448212211 91.52447509765625 167
1750448219932 84.66508483886719 168
1750448220161 77.97520446777344 169
1750448220381 69.60383605957031 170
1750448220599 79.85653686523438 171
1750448220808 81.33155822753906 172
1750448221048 76.17106628417969 173
1750448221262 77.86895751953125 174
1750448221478 92.3743896484375 175
1750448221689 85.51725769042969 176
1750448221902 76.36457824707031 177
1750448222115 86.96357727050781 178
1750448222324 72.2567138671875 179
1750448222531 85.38217163085938 180
1750448222737 79.47586059570312 181
1750448222951 85.91240692138672 182
1750448223162 82.09400939941406 183
1750448223383 84.294677734375 184
1750448223595 73.22272491455078 185
1750448223800 83.06534576416016 186
1750448224012 76.34173583984375 187
1750448224219 84.37936401367188 188
1750448233361 77.67654418945312 189
1750448233577 84.95037841796875 190
1750448233791 75.94263458251953 191
1750448234004 85.76509094238281 192
1750448234230 77.899169921875 193
1750448234445 79.50547790527344 194
1750448234664 88.9046859741211 195
1750448234873 73.41763305664062 196
1750448235088 71.05184173583984 197
1750448235297 64.11698913574219 198
1750448235515 75.4412612915039 199
1750448235721 72.53497314453125 200
1750448235936 80.26920318603516 201
1750448236158 66.89663696289062 202
1750448236376 68.78097534179688 203
1750448236604 76.77699279785156 204
1750448236829 78.75035095214844 205
1750448237039 69.65373229980469 206
1750448237261 79.36682891845703 207
1750448237473 78.78640747070312 208
1750448237702 79.10459899902344 209
1750448245433 75.44763946533203 210
1750448245644 77.12635803222656 211
1750448245855 72.63160705566406 212
1750448246068 76.22993469238281 213
1750448246302 68.21022033691406 214
1750448246509 84.12987518310547 215
1750448246718 82.14773559570312 216
1750448246926 71.48796081542969 217
1750448247144 74.79718017578125 218
1750448247351 76.70206451416016 219
1750448247559 82.22552490234375 220
1750448247765 72.95684814453125 221
1750448247985 69.67909240722656 222
1750448248203 74.05032348632812 223
1750448248414 83.44906616210938 224
1750448248640 75.07669830322266 225
1750448248854 65.74774932861328 226
1750448249072 71.53524780273438 227
1750448249291 67.76458740234375 228
1750448249508 73.98692321777344 229
1750448249722 75.77435302734375 230
1750448257464 83.89873504638672 231
1750448257684 79.39566040039062 232
1750448257916 68.5316162109375 233
1750448258132 72.74383544921875 234
1750448258346 78.2900161743164 235
1750448258570 66.34847259521484 236
1750448258788 69.39779663085938 237
1750448259008 63.05977249145508 238
1750448259228 69.04064178466797 239
1750448259459 63.60137939453125 240
1750448259684 70.1416015625 241
1750448259894 83.04316711425781 242
1750448260116 66.75555419921875 243
1750448260331 72.54354858398438 244
1750448260539 74.07281494140625 245
1750448260748 75.33445739746094 246
1750448260965 72.43685913085938 247
1750448261179 70.89623260498047 248
1750448261400 75.2772216796875 249
1750448261613 76.83018493652344 250
1750448261830 73.94720458984375 251
1750448269574 70.98844146728516 252
1750448269792 76.53963470458984 253
1750448270016 78.52703857421875 254
1750448270229 81.15214538574219 255
1750448270458 72.36261749267578 256
1750448270676 71.5496826171875 257
1750448270902 77.54707336425781 258
1750448271114 83.69608306884766 259
1750448271329 85.14786529541016 260
1750448271546 62.89345169067383 261
1750448271764 66.45289611816406 262
1750448271980 70.77558898925781 263
1750448272198 71.23863220214844 264
1750448272409 68.24497985839844 265
1750448272626 85.72067260742188 266
1750448272837 67.342529296875 267
1750448273059 63.483489990234375 268
1750448273278 69.4039077758789 269
1750448273500 68.11846923828125 270
1750448273714 76.50401306152344 271
1750448273931 60.342864990234375 272
1750448281683 79.49279022216797 273
1750448281898 81.89317321777344 274
1750448282115 70.37551879882812 275
1750448282335 73.33154296875 276
1750448282555 62.41377639770508 277
1750448282766 79.922607421875 278
1750448282984 68.64952087402344 279
1750448283215 76.21748352050781 280
1750448283441 71.69425964355469 281
1750448283663 65.86935424804688 282
1750448283878 61.07966613769531 283
1750448284103 65.05191040039062 284
1750448284318 70.89128875732422 285
1750448284537 75.08348083496094 286
1750448284751 76.5377426147461 287
1750448284975 75.06419372558594 288
1750448285192 74.44004821777344 289
1750448285405 74.3789291381836 290
1750448285618 74.38493347167969 291
1750448285832 57.685001373291016 292
1750448286041 69.64964294433594 293
1750448293822 69.70365905761719 294
1750448294042 82.20112609863281 295
1750448294261 69.88204956054688 296
1750448294470 69.85488891601562 297
1750448294685 77.95993041992188 298
1750448294902 61.777488708496094 299
1750448295117 65.01661682128906 300
1750448295331 74.71731567382812 301
1750448295545 74.84854125976562 302
1750448295757 61.387237548828125 303
1750448295971 65.03515625 304
1750448296188 72.31800842285156 305
1750448296403 71.22769165039062 306
1750448296614 70.45770263671875 307
1750448296828 69.89861297607422 308
1750448297047 61.46793746948242 309
1750448297271 64.49922180175781 310
1750448297482 69.87370300292969 311
1750448297701 72.7376937866211 312
1750448297923 77.11913299560547 313
1750448298142 85.45054626464844 314
1750448305938 72.11897277832031 315
1750448306154 73.72701263427734 316
1750448306379 77.65324401855469 317
1750448306599 69.95832061767578 318
1750448306829 62.788597106933594 319
1750448307048 76.54782104492188 320
1750448307262 78.74339294433594 321
1750448307487 76.97134399414062 322
1750448307709 66.78515625 323
1750448307932 72.1082763671875 324
1750448308150 72.23588562011719 325
1750448308370 78.11427307128906 326
1750448308590 69.42576599121094 327
1750448308805 62.896453857421875 328
1750448309024 67.54158020019531 329
1750448309251 63.33978271484375 330
1750448309467 63.31813049316406 331
1750448309679 70.15050506591797 332
1750448309895 62.29598617553711 333
1750448310106 67.76405334472656 334
1750448310321 74.129638671875 335
1750448318159 58.67945861816406 336
1750448318392 67.89945220947266 337
1750448318613 67.88091278076172 338
1750448318829 60.44315719604492 339
1750448319068 73.59184265136719 340
1750448319286 71.17497253417969 341
1750448319499 67.24406433105469 342
1750448319712 66.49368286132812 343
1750448319929 67.37626647949219 344
1750448320146 64.07109069824219 345
1750448320363 60.350135803222656 346
1750448320583 64.21363830566406 347
1750448320802 73.14454650878906 348
1750448321021 54.06633377075195 349
1750448321243 62.09968185424805 350
1750448321462 60.628387451171875 351
1750448321685 67.793212890625 352
1750448321916 72.81190490722656 353
1750448322128 74.54856872558594 354
1750448322345 65.71607971191406 355
1750448322563 61.458160400390625 356
1750448330396 79.88096618652344 357
1750448330623 70.45777130126953 358
1750448330838 66.39599609375 359
1750448331051 68.8038330078125 360
1750448331270 58.694007873535156 361
1750448331487 72.21993255615234 362
1750448331704 63.86484909057617 363
1750448331923 68.21835327148438 364
1750448332132 69.3037109375 365
1750448332353 67.17689514160156 366
1750448332566 70.69496154785156 367
1750448332783 75.31852722167969 368
1750448333018 65.72293090820312 369
1750448333237 78.60501861572266 370
1750448333459 59.673828125 371
1750448333689 66.28071594238281 372
1750448333908 59.06635284423828 373
1750448334133 79.29725646972656 374
1750448334359 70.71688842773438 375
1750448334582 63.916202545166016 376
1750448334807 77.39151763916016 377
1750448344052 74.77534484863281 378
1750448344272 70.15165710449219 379
1750448344503 61.15179443359375 380
1750448344741 67.16138458251953 381
1750448344963 64.79119873046875 382
1750448345180 69.53898620605469 383
1750448345419 57.19964599609375 384
1750448345674 70.41462707519531 385
1750448346072 66.3653793334961 386
1750448346562 71.13455200195312 387
1750448346953 74.47152709960938 388
1750448347279 73.08183288574219 389
1750448347520 74.81512451171875 390
1750448347736 63.47368240356445 391
1750448347956 71.22097778320312 392
1750448348178 68.6581802368164 393
1750448348401 69.3526382446289 394
1750448348634 65.4967041015625 395
1750448348846 71.6944351196289 396
1750448349063 61.96065139770508 397
1750448349289 67.02639770507812 398
1750448358517 83.58871459960938 399
1750448358733 72.64250183105469 400
1750448358948 72.0631332397461 401
1750448359163 61.16845703125 402
1750448359372 61.41498565673828 403
1750448359596 62.65507888793945 404
1750448359826 63.19865417480469 405
1750448360048 68.89322662353516 406
1750448360264 64.4593734741211 407
1750448360481 74.65829467773438 408
1750448360695 64.65575408935547 409
1750448360928 66.1339111328125 410
1750448361138 61.630252838134766 411
1750448361348 74.61660766601562 412
1750448361568 71.22639465332031 413
1750448361787 64.3849868774414 414
1750448362003 75.828857421875 415
1750448362214 64.04837799072266 416
1750448362430 67.09140014648438 417
1750448362653 56.579612731933594 418
1750448362879 72.50030517578125 419
1750448372070 63.67797088623047 420
1750448372289 65.27134704589844 421
1750448372507 60.795677185058594 422
1750448372719 57.545589447021484 423
1750448372936 67.7323226928711 424
1750448373151 51.18794631958008 425
1750448373371 75.40644836425781 426
1750448373581 66.28506469726562 427
1750448373792 70.91943359375 428
1750448374002 56.962303161621094 429
1750448374215 59.80546951293945 430
1750448374430 73.232177734375 431
1750448374639 65.91371154785156 432
1750448374859 59.85273742675781 433
1750448375077 75.13504791259766 434
1750448375288 67.13533020019531 435
1750448375505 71.18705749511719 436
1750448375725 68.87812805175781 437
1750448375957 74.08671569824219 438
1750448376172 66.6851806640625 439
1750448376397 75.87040710449219 440
1750448384193 60.82270050048828 441
1750448384429 58.449195861816406 442
1750448384657 65.22152709960938 443
1750448384872 60.81481170654297 444
1750448385085 61.833980560302734 445
1750448385304 70.90556335449219 446
1750448385529 72.04219055175781 447
1750448385741 68.1742172241211 448
1750448385956 56.69696807861328 449
1750448386178 60.31634521484375 450
1750448386405 56.29197692871094 451
1750448386633 69.03230285644531 452
1750448386858 59.26225280761719 453
1750448387079 72.86778259277344 454
1750448387304 66.57049560546875 455
1750448387528 71.59507751464844 456
1750448387746 53.31991958618164 457
1750448387962 63.00864028930664 458
1750448388181 64.7319107055664 459
1750448388394 71.24302673339844 460
1750448388612 63.06467819213867 461
1750448396398 56.75402069091797 462
1750448396625 71.10649108886719 463
1750448396846 51.27180480957031 464
1750448397073 69.203857421875 465
1750448397297 52.039146423339844 466
1750448397516 51.222896575927734 467
1750448397735 60.7119140625 468
1750448397959 68.47769165039062 469
1750448398179 60.4549560546875 470
1750448398389 68.68433380126953 471
1750448398607 68.80809020996094 472
1750448398818 75.10538482666016 473
1750448399043 66.900390625 474
1750448399265 65.78219604492188 475
1750448399499 54.539466857910156 476
1750448399718 55.31643295288086 477
1750448399936 70.01460266113281 478
1750448400157 66.56912231445312 479
1750448400372 64.0 480
1750448400594 55.8841552734375 481
1750448400811 63.950828552246094 482
1750448408593 67.06228637695312 483
1750448408813 60.25874328613281 484
1750448409027 83.32298278808594 485
1750448409249 64.40774536132812 486
1750448409466 53.58808898925781 487
1750448409689 71.53982543945312 488
1750448409911 61.11271667480469 489
1750448410139 67.4398193359375 490
1750448410358 73.0253677368164 491
1750448410584 67.00025939941406 492
1750448410806 65.19058990478516 493
1750448411022 60.314090728759766 494
1750448411248 58.07447052001953 495
1750448411464 53.6641731262207 496
1750448411688 59.95613098144531 497
1750448411905 73.1970443725586 498
1750448412121 63.94443893432617 499
1750448412330 58.00577163696289 500
1750448412545 69.57424926757812 501
1750448412762 63.864463806152344 502
1750448412982 64.67366027832031 503
1750448420777 61.05745315551758 504
1750448420993 66.22099304199219 505
1750448421223 65.1494140625 506
1750448421436 58.712894439697266 507
1750448421651 54.150474548339844 508
1750448421884 61.65837097167969 509
1750448422112 62.51679992675781 510
1750448422343 56.713043212890625 511
1750448422562 59.304054260253906 512
1750448422782 59.600135803222656 513
1750448422998 57.56185531616211 514
1750448423212 78.03103637695312 515
1750448423428 65.85698699951172 516
1750448423643 62.6351432800293 517
1750448423856 59.10020065307617 518
1750448424082 63.96813201904297 519
1750448424293 73.84414672851562 520
1750448424503 72.02119445800781 521
1750448424717 67.35454559326172 522
1750448424932 56.73119354248047 523
1750448425146 58.46516036987305 524
1750448434384 63.279563903808594 525
1750448434603 66.44392395019531 526
1750448434830 67.32543182373047 527
1750448435041 54.16777038574219 528
1750448435265 74.46939849853516 529
1750448435483 62.92380905151367 530
1750448435708 68.72360229492188 531
1750448435928 61.64582824707031 532
1750448436154 57.53399658203125 533
1750448436369 66.47118377685547 534
1750448436591 52.43833923339844 535
1750448436805 64.05419921875 536
1750448437030 76.91634368896484 537
1750448437254 63.2393798828125 538
1750448437489 63.65109634399414 539
1750448437721 57.07528305053711 540
1750448437942 58.488792419433594 541
1750448438163 64.70991516113281 542
1750448438377 63.935585021972656 543
1750448438599 63.74156951904297 544
1750448438822 66.4912109375 545
1750448448023 56.097984313964844 546
1750448448238 62.72951889038086 547
1750448448455 70.09825134277344 548
1750448448669 71.46662139892578 549
1750448448887 56.56449508666992 550
1750448449100 78.67655181884766 551
1750448449312 56.44207000732422 552
1750448449530 62.51694107055664 553
1750448449751 49.790122985839844 554
1750448449969 66.08157348632812 555
1750448450193 62.23189163208008 556
1750448450412 65.42909240722656 557
1750448450634 65.88179016113281 558
1750448450842 65.48375701904297 559
1750448451072 66.61546325683594 560
1750448451289 62.75093460083008 561
1750448451515 50.59071731567383 562
1750448451729 51.38255310058594 563
1750448451947 56.610511779785156 564
1750448452160 54.947723388671875 565
1750448452400 61.063079833984375 566
1750448460367 62.828208923339844 567
1750448460580 60.60016632080078 568
1750448460793 68.89193725585938 569
1750448461009 58.663352966308594 570
1750448461228 76.6207275390625 571
1750448461442 63.079734802246094 572
1750448461651 60.724205017089844 573
1750448461864 64.51274108886719 574
1750448462078 61.25311279296875 575
1750448462300 57.682472229003906 576
1750448462521 57.98438262939453 577
1750448462752 59.58119201660156 578
1750448462964 65.33172607421875 579
1750448463181 63.280555725097656 580
1750448463397 73.82231140136719 581
1750448463619 54.72770690917969 582
1750448463833 66.62298583984375 583
1750448464057 58.776634216308594 584
1750448464290 75.96916961669922 585
1750448464503 68.90025329589844 586
1750448464723 71.12993621826172 587
1750448472463 64.53703308105469 588
1750448472684 81.22765350341797 589
1750448472898 56.55788040161133 590
1750448473107 58.69684600830078 591
1750448473322 68.48676300048828 592
1750448473540 62.24040603637695 593
1750448473752 62.19285202026367 594
1750448473966 67.58165740966797 595
1750448474194 69.44093322753906 596
1750448474416 61.8990364074707 597
1750448474632 56.927127838134766 598
1750448474857 55.46784973144531 599
1750448475068 71.87008666992188 600
1750448475283 57.10130310058594 601
1750448475492 64.2085952758789 602
1750448475701 63.47754669189453 603
1750448475922 67.71356201171875 604
1750448476131 55.915618896484375 605
1750448476341 63.233306884765625 606
1750448476562 70.06082153320312 607
1750448476785 61.221229553222656 608
1750448484623 62.88433074951172 609
1750448484838 66.60043334960938 610
1750448485053 67.20626831054688 611
1750448485267 57.59392547607422 612
1750448485480 70.29762268066406 613
1750448485692 65.43257141113281 614
1750448485906 56.38037872314453 615
1750448486124 62.33739471435547 616
1750448486334 70.36736297607422 617
1750448486550 67.30839538574219 618
1750448486770 55.628570556640625 619
1750448486993 55.12816619873047 620
1750448487206 61.84197998046875 621
1750448487423 64.41130828857422 622
1750448487639 64.8249740600586 623
1750448487853 67.71394348144531 624
1750448488071 61.917381286621094 625
1750448488291 73.06727600097656 626
1750448488502 65.46521759033203 627
1750448488725 57.59132766723633 628
1750448488943 63.921749114990234 629
1750448496722 65.20663452148438 630
1750448496955 61.88297653198242 631
1750448497166 59.26184844970703 632
1750448497387 60.90285873413086 633
1750448497607 65.18733215332031 634
1750448497821 65.3742904663086 635
1750448498037 56.28666687011719 636
1750448498259 58.914405822753906 637
1750448498478 58.417232513427734 638
1750448498702 53.97566223144531 639
1750448498935 69.550537109375 640
1750448499160 58.82838439941406 641
1750448499373 62.29528045654297 642
1750448499598 71.5902099609375 643
1750448499817 66.43386840820312 644
1750448500037 60.051658630371094 645
1750448500252 67.0216064453125 646
1750448500466 59.0368537902832 647
1750448500691 75.51963806152344 648
1750448500907 63.25978469848633 649
1750448501120 65.90402221679688 650
1750448508937 61.33769989013672 651
1750448509164 65.3901138305664 652
1750448509382 66.60487365722656 653
1750448509594 58.22507858276367 654
1750448509811 61.561073303222656 655
1750448510026 72.97953796386719 656
1750448510237 65.18862915039062 657
1750448510458 64.11122131347656 658
1750448510670 65.29409790039062 659
1750448510894 71.83026885986328 660
1750448511112 63.597900390625 661
1750448511340 71.48918151855469 662
1750448511558 65.93685150146484 663
1750448511776 60.67426300048828 664
1750448511989 74.4154052734375 665
1750448512201 54.9865837097168 666
1750448512421 58.11301040649414 667
1750448512647 70.04685974121094 668
1750448512869 73.02921295166016 669
1750448513096 66.92835998535156 670
1750448513308 63.696624755859375 671
1750448521083 68.75242614746094 672
1750448521303 57.03331756591797 673
1750448521524 62.18024826049805 674
1750448521746 56.14452362060547 675
1750448521962 63.81880187988281 676
1750448522185 58.23130798339844 677
1750448522403 64.5875015258789 678
1750448522619 66.24354553222656 679
1750448522838 63.89219665527344 680
1750448523066 60.53416442871094 681
1750448523295 67.92990112304688 682
1750448523517 56.77598571777344 683
1750448523737 68.39030456542969 684
1750448523962 58.43825912475586 685
1750448524183 60.038604736328125 686
1750448524393 63.38178253173828 687
1750448524618 67.95217895507812 688
1750448524836 54.01438903808594 689
1750448525047 63.75093078613281 690
1750448525270 65.40086364746094 691
1750448525495 71.27471923828125 692
1750448533286 60.28298568725586 693
1750448533530 65.24267578125 694
1750448533745 55.81526184082031 695
1750448533974 67.69307708740234 696
1750448534195 59.172271728515625 697
1750448534415 60.46192932128906 698
1750448534641 57.86390686035156 699
1750448534866 56.714622497558594 700
1750448535083 69.45700073242188 701
1750448535302 57.166507720947266 702
1750448535527 65.63322448730469 703
1750448535754 53.162906646728516 704
1750448535968 62.265472412109375 705
1750448536182 69.7208251953125 706
1750448536424 66.52894592285156 707
1750448536636 61.34822463989258 708
1750448536859 60.77656173706055 709
1750448537076 68.24605560302734 710
1750448537296 55.18194580078125 711
1750448537515 61.41108322143555 712
1750448537731 54.36024475097656 713
1750448546018 68.61564636230469 714
1750448546410 56.81385040283203 715
1750448546848 68.75555419921875 716
1750448547101 58.057071685791016 717
1750448547321 59.7955322265625 718
1750448547538 60.529212951660156 719
1750448547758 58.9656982421875 720
1750448547993 65.92530822753906 721
1750448548225 53.696102142333984 722
1750448548446 64.8369369506836 723
1750448548672 62.73152160644531 724
1750448548909 50.019935607910156 725
1750448549122 74.02900695800781 726
1750448549340 52.94610595703125 727
1750448549567 67.15055847167969 728
1750448549780 55.911094665527344 729
1750448549996 65.40616607666016 730
1750448550212 63.5428466796875 731
1750448550441 65.86679077148438 732
1750448550680 69.4263687133789 733
1750448552068 62.24358367919922 734
1750448561599 76.76553344726562 735
1750448561818 69.30964660644531 736
1750448562034 60.45891571044922 737
1750448562254 61.68598556518555 738
1750448562472 70.57642364501953 739
1750448562690 63.23674011230469 740
1750448562909 69.25033569335938 741
1750448563132 59.28777313232422 742
1750448563361 57.95500183105469 743
1750448563584 66.9945068359375 744
1750448563813 54.490867614746094 745
1750448564035 63.12821960449219 746
1750448564258 58.16590118408203 747
1750448564473 71.4261703491211 748
1750448564691 63.68045425415039 749
1750448564909 62.97157287597656 750
1750448565130 57.579139709472656 751
1750448565352 71.94109344482422 752
1750448565568 71.1134033203125 753
1750448565783 62.627281188964844 754
1750448565995 61.640655517578125 755
1750448575186 68.48774719238281 756
1750448575403 63.039161682128906 757
1750448575625 62.1822509765625 758
1750448575846 63.677337646484375 759
1750448576064 58.417579650878906 760
1750448576279 56.45719528198242 761
1750448576499 64.65365600585938 762
1750448576716 67.12834167480469 763
1750448576946 75.52442932128906 764
1750448577171 64.15391540527344 765
1750448577397 59.458778381347656 766
1750448577612 67.35943603515625 767
1750448577824 62.19130325317383 768
1750448578036 63.84346008300781 769
1750448578265 71.73101043701172 770
1750448578479 61.341636657714844 771
1750448578717 62.651676177978516 772
1750448578952 62.38482666015625 773
1750448579180 50.55134582519531 774
1750448579398 66.45512390136719 775
1750448579616 63.30131530761719 776
1750448587371 64.71070861816406 777
1750448587586 57.18936538696289 778
1750448587805 79.397705078125 779
1750448588024 63.08240509033203 780
1750448588253 60.77825164794922 781
1750448588470 62.326663970947266 782
1750448588684 54.044090270996094 783
1750448588896 62.97141647338867 784
1750448589116 60.21786117553711 785
1750448589331 57.84136962890625 786
1750448589543 67.92930603027344 787
1750448589758 65.64463806152344 788
1750448589977 71.21498107910156 789
1750448590195 64.48252868652344 790
1750448590409 55.666297912597656 791
1750448590619 69.94950103759766 792
1750448590835 55.83832550048828 793
1750448591043 68.0504150390625 794
1750448591261 54.771644592285156 795
1750448591470 58.26654815673828 796
1750448591690 64.65494537353516 797
1750448599446 66.30509948730469 798
1750448599665 56.24931335449219 799
1750448599873 60.85321807861328 800
1750448600088 62.470741271972656 801
1750448600298 70.80885314941406 802
1750448600512 52.480865478515625 803
1750448600728 59.566593170166016 804
1750448600943 66.33734130859375 805
1750448601161 65.05586242675781 806
1750448601371 62.43896484375 807
1750448601596 66.21624755859375 808
1750448601805 59.44732666015625 809
1750448602024 65.15264129638672 810
1750448602238 68.2271499633789 811
1750448602457 70.81185150146484 812
1750448602666 55.14360809326172 813
1750448602883 58.34527587890625 814
1750448603102 73.54507446289062 815
1750448603315 69.19624328613281 816
1750448603538 58.74134063720703 817
1750448603754 50.995758056640625 818
1750448611535 58.335819244384766 819
1750448611746 65.90153503417969 820
1750448611962 67.70198059082031 821
1750448612172 54.34169006347656 822
1750448612388 65.58148193359375 823
1750448612606 68.97822570800781 824
1750448612826 63.74516296386719 825
1750448613053 68.62989807128906 826
1750448613265 60.77001190185547 827
1750448613484 64.27906799316406 828
1750448613699 64.74026489257812 829
1750448613922 63.834312438964844 830
1750448614141 59.37392807006836 831
1750448614352 66.19200134277344 832
1750448614572 73.94459533691406 833
1750448614781 66.51751708984375 834
1750448614999 51.06385803222656 835
1750448615210 60.356754302978516 836
1750448615433 68.71153259277344 837
1750448615654 68.11930084228516 838
1750448615865 64.57508850097656 839
1750448623635 53.56416320800781 840
1750448623855 61.780189514160156 841
1750448624067 62.938053131103516 842
1750448624283 76.81153106689453 843
1750448624508 60.48758316040039 844
1750448624752 56.25886917114258 845
1750448624965 63.06135940551758 846
1750448625179 63.741600036621094 847
1750448625393 51.19642639160156 848
1750448625602 65.9577407836914 849
1750448625814 64.1241683959961 850
1750448626042 57.451358795166016 851
1750448626256 59.598812103271484 852
1750448626486 60.33448028564453 853
1750448626701 66.42914581298828 854
1750448626923 64.9016342163086 855
1750448627179 60.816497802734375 856
1750448627982 72.6478271484375 857
1750448628356 50.919036865234375 858
1750448628795 61.79505920410156 859
1750448629221 69.99424743652344 860
1750448637064 74.095458984375 861
1750448637284 58.75587463378906 862
1750448637502 67.98959350585938 863
1750448637722 58.44598388671875 864
1750448637935 60.65840148925781 865
1750448638152 64.55632019042969 866
1750448638371 61.462745666503906 867
1750448638590 56.20848083496094 868
1750448638826 60.07489776611328 869
1750448639051 65.04930114746094 870
1750448639288 60.974525451660156 871
1750448639503 57.86278533935547 872
1750448639727 64.83123779296875 873
1750448639953 58.9769401550293 874
1750448640176 62.22922134399414 875
1750448640398 67.66017150878906 876
1750448640626 64.08230590820312 877
1750448640843 64.00037384033203 878
1750448641071 54.78730010986328 879
1750448641285 63.94298553466797 880
1750448641509 65.01242065429688 881
1750448649322 68.94378662109375 882
1750448649540 57.2618522644043 883
1750448649757 67.58172607421875 884
1750448649966 68.80178833007812 885
1750448650194 55.20307159423828 886
1750448650426 53.262474060058594 887
1750448650638 56.15895080566406 888
1750448650852 58.65187072753906 889
1750448651062 53.889129638671875 890
1750448651272 60.79967498779297 891
1750448651488 60.95482635498047 892
1750448651721 58.67329406738281 893
1750448651938 63.438533782958984 894
1750448652153 63.643009185791016 895
1750448652367 66.6852798461914 896
1750448652578 77.51826477050781 897
1750448652788 66.7564697265625 898
1750448652995 65.45413208007812 899
1750448653201 68.63127136230469 900
1750448653428 56.02242660522461 901
1750448653638 70.64765930175781 902
1750448661372 65.54492950439453 903
1750448661587 61.93450927734375 904
1750448661800 57.000328063964844 905
1750448662028 60.61991882324219 906
1750448662248 61.70606231689453 907
1750448662470 58.61890411376953 908
1750448662687 61.635536193847656 909
1750448662894 68.94793701171875 910
1750448663119 59.589393615722656 911
1750448663340 71.28683471679688 912
1750448663555 60.469139099121094 913
1750448663770 55.8359489440918 914
1750448663982 60.772560119628906 915
1750448664196 62.322505950927734 916
1750448664413 55.722625732421875 917
1750448664627 66.69288635253906 918
1750448664843 65.71688079833984 919
1750448665059 66.70024108886719 920
1750448665272 66.94287109375 921
1750448665495 52.63901901245117 922
1750448665707 63.22328567504883 923
1750448673386 69.38009643554688 924
1750448673599 55.821998596191406 925
1750448673813 61.96824645996094 926
1750448674026 72.65912628173828 927
1750448674235 62.59030532836914 928
1750448674456 59.50690460205078 929
1750448674679 54.93718338012695 930
1750448674896 75.21613311767578 931
1750448675119 62.42983627319336 932
1750448675339 52.474220275878906 933
1750448675559 61.43613052368164 934
1750448675773 67.15156555175781 935
1750448675986 57.471290588378906 936
1750448676195 64.50144958496094 937
1750448676415 59.190757751464844 938
1750448676628 69.88265991210938 939
1750448676838 55.69675064086914 940
1750448677051 70.48133850097656 941
1750448677285 60.526573181152344 942
1750448677498 64.32843780517578 943
1750448677708 65.19429016113281 944
1750448685476 74.02299499511719 945
1750448685739 64.3912353515625 946
1750448685974 64.94287872314453 947
1750448686498 70.81793975830078 948
1750448687170 59.492515563964844 949
1750448688415 51.027801513671875 950
1750448688633 63.53913497924805 951
1750448688987 59.39748001098633 952
1750448689215 64.32392883300781 953
1750448689424 57.78893280029297 954
1750448689653 62.82630157470703 955
1750448689864 66.48231506347656 956
1750448690075 60.07294464111328 957
1750448690283 69.02326202392578 958
1750448690489 57.933467864990234 959
1750448690703 63.010581970214844 960
1750448690927 59.976139068603516 961
1750448691142 70.69149017333984 962
1750448691362 63.391300201416016 963
1750448691588 62.952552795410156 964
1750448691805 54.69851303100586 965
1750448699871 65.98004913330078 966
1750448700096 61.41132736206055 967
1750448700315 67.61184692382812 968
1750448700528 68.229736328125 969
1750448700735 63.64115905761719 970
1750448700949 64.69231414794922 971
1750448701159 61.907569885253906 972
1750448701383 60.659393310546875 973
1750448701596 64.16140747070312 974
1750448701813 63.54106903076172 975
1750448702027 59.98567199707031 976
1750448702251 59.93953323364258 977
1750448702467 71.75889587402344 978
1750448702675 59.50591278076172 979
1750448702884 55.21247100830078 980
1750448703106 62.00914001464844 981
1750448703322 56.057010650634766 982
1750448703541 57.11973571777344 983
1750448703760 62.24679183959961 984
1750448703968 69.84169006347656 985
1750448704182 61.66217041015625 986
1750448713215 58.21025848388672 987
1750448713432 71.86177062988281 988
1750448713647 68.67591857910156 989
1750448713874 61.92331314086914 990
1750448714098 58.49357986450195 991
1750448714313 66.86582946777344 992
1750448714521 70.65824127197266 993
1750448714731 69.52961730957031 994
1750448714949 58.3064079284668 995
1750448715166 70.6478271484375 996
1750448715390 59.64547348022461 997
1750448715602 68.04621887207031 998
1750448715813 56.71754455566406 999
1750448716023 52.882301330566406 1000
1750448716234 71.90646362304688 1001
1750448716447 62.675289154052734 1002
1750448716666 74.94282531738281 1003
1750448716879 61.691776275634766 1004
1750448717096 66.25850677490234 1005
1750448717313 70.62277221679688 1006
1750448717526 67.1959228515625 1007
1750448726555 63.051368713378906 1008
1750448726772 63.46967697143555 1009
1750448726992 62.34575653076172 1010
1750448727200 63.505897521972656 1011
1750448727408 61.24969482421875 1012
1750448727633 61.603187561035156 1013
1750448727846 64.2061767578125 1014
1750448728053 63.30061721801758 1015
1750448728261 62.89376449584961 1016
1750448728472 63.770606994628906 1017
1750448728681 64.7232437133789 1018
1750448728890 57.45703887939453 1019
1750448729101 56.96965026855469 1020
1750448729317 56.937049865722656 1021
1750448729531 63.28770446777344 1022
1750448729745 62.91951370239258 1023
1750448729959 62.097511291503906 1024
1750448730165 54.18377685546875 1025
1750448730380 67.56990051269531 1026
1750448730595 49.98197555541992 1027
1750448730810 53.2537841796875 1028
1750448740061 61.61991882324219 1029
1750448740272 69.1201171875 1030
1750448740498 62.66015625 1031
1750448740710 58.346961975097656 1032
1750448740936 52.09648132324219 1033
1750448741149 69.34978485107422 1034
1750448741370 78.42726135253906 1035
1750448741582 70.00468444824219 1036
1750448741800 74.46128845214844 1037
1750448742025 60.5739860534668 1038
1750448742230 62.20308303833008 1039
1750448742439 62.000511169433594 1040
1750448742658 61.78254699707031 1041
1750448742867 71.82070922851562 1042
1750448743080 68.06053161621094 1043
1750448743302 58.35662078857422 1044
1750448743518 61.33940124511719 1045
1750448743732 68.18804168701172 1046
1750448743944 55.999961853027344 1047
1750448744158 60.5469970703125 1048
1750448744370 70.74775695800781 1049
1750448752406 64.83167266845703 1050
1750448753859 65.60122680664062 1051
1750448754087 62.293888092041016 1052
1750448754314 59.88229751586914 1053
1750448754540 58.87614822387695 1054
1750448754758 68.53717803955078 1055
1750448754971 58.103633880615234 1056
1750448755180 60.081336975097656 1057
1750448755398 59.903934478759766 1058
1750448755625 63.658042907714844 1059
1750448755846 59.43574523925781 1060
1750448756054 72.3482666015625 1061
1750448756275 54.55180740356445 1062
1750448756500 62.865116119384766 1063
1750448756721 71.45512390136719 1064
1750448756931 73.97270202636719 1065
1750448757158 55.01911163330078 1066
1750448757364 64.42805480957031 1067
1750448757570 68.64610290527344 1068
1750448757785 76.72858428955078 1069
1750448757996 61.76702117919922 1070
1750448765648 58.16913604736328 1071
1750448765869 61.01978302001953 1072
1750448766081 72.52529907226562 1073
1750448766286 69.23353576660156 1074
1750448766497 71.0005111694336 1075
1750448766712 62.22134780883789 1076
1750448766945 62.21018600463867 1077
1750448767220 57.818519592285156 1078
1750448767488 69.96976470947266 1079
1750448768737 78.30097961425781 1080
1750448768969 60.467445373535156 1081
1750448769223 58.79990005493164 1082
1750448769440 52.9600944519043 1083
1750448769655 68.66880798339844 1084
1750448769870 61.24085235595703 1085
1750448770088 61.15011215209961 1086
1750448770317 64.63656616210938 1087
1750448770535 75.3094482421875 1088
1750448770749 73.0045166015625 1089
1750448770960 58.877098083496094 1090
1750448771186 67.65093994140625 1091
1750448778967 63.37822723388672 1092
1750448779176 73.89437866210938 1093
1750448779391 56.218994140625 1094
1750448779594 67.70124816894531 1095
1750448779806 71.10501098632812 1096
1750448780015 60.141883850097656 1097
1750448780224 61.833778381347656 1098
1750448780431 72.39398193359375 1099
1750448780642 55.77250671386719 1100
1750448780856 67.88836669921875 1101
1750448781064 58.102325439453125 1102
1750448781283 53.04005432128906 1103
1750448781493 69.43252563476562 1104
1750448781706 61.95917892456055 1105
1750448781925 53.295509338378906 1106
1750448782154 51.02446746826172 1107
1750448782604 68.60578155517578 1108
1750448782884 54.97573471069336 1109
1750448783116 57.210540771484375 1110
1750448783333 61.27206039428711 1111
1750448783545 65.24876403808594 1112
1750448791578 64.28186798095703 1113
1750448791791 56.939109802246094 1114
1750448792013 58.433963775634766 1115
1750448792223 62.62803649902344 1116
1750448792431 69.10027313232422 1117
1750448792636 63.06379699707031 1118
1750448792850 63.697540283203125 1119
1750448793058 56.68114471435547 1120
1750448793274 61.723934173583984 1121
1750448793483 53.03491973876953 1122
1750448793696 61.930564880371094 1123
1750448793902 58.73274230957031 1124
1750448794114 63.460792541503906 1125
1750448794323 67.87054443359375 1126
1750448794533 66.89462280273438 1127
1750448794741 65.0534439086914 1128
1750448794952 62.42692184448242 1129
1750448795162 52.156944274902344 1130
1750448795376 56.06097412109375 1131
1750448795602 68.35899353027344 1132
1750448795817 57.42959213256836 1133
1750448803849 59.61460876464844 1134
1750448804079 61.02256393432617 1135
1750448804302 49.884822845458984 1136
1750448804519 61.520263671875 1137
1750448804729 67.43014526367188 1138
1750448804951 65.97518920898438 1139
1750448805164 70.95369720458984 1140
1750448805374 60.236351013183594 1141
