1750448124829 117.43097141810826 0
1750448138713 95.76367223830451 1
1750448150706 91.05706932431175 2
1750448162730 91.63151077997117 3
1750448175219 88.27595374697731 4
1750448188752 83.29846445719402 5
1750448201047 84.14056505475726 6
1750448213099 83.23004368373326 7
1750448225126 80.71985989525204 8
1750448238607 76.45678129650298 9
1750448250609 74.81699952625092 10
1750448262730 72.64698918660481 11
1750448274826 72.76343227568127 12
1750448286939 71.62413642519996 13
1750448299047 70.83020292009626 14
1750448311221 70.41019966488793 15
1750448323465 65.79455003284272 16
1750448335700 69.12859598795573 17
1750448350184 68.28270103817894 18
1750448363794 67.78280385335286 19
1750448377314 66.36028889247349 20
1750448389514 64.10788399832589 21
1750448401714 62.704656328473774 22
1750448413888 64.72461518787202 23
1750448426036 62.88824898856027 24
1750448439744 63.70124871390207 25
1750448453306 61.59293547130766 26
1750448465642 64.33254823230561 27
1750448477688 63.81229091825939 28
1750448489843 63.71050371442522 29
1750448502026 63.09055964152018 30
1750448514222 65.49699274698894 31
1750448526418 62.79837871733166 32
1750448538647 61.35741569882347 33
1750448553094 62.15547107514881 34
1750448566913 64.48979150681268 35
1750448580533 63.57102512177967 36
1750448592588 62.81090327671596 37
1750448604667 62.78044618879046 38
1750448616779 64.08066794985817 39
1750448630136 62.13379923502604 40
1750448642415 62.459872654506135 41
1750448654527 62.80854724702381 42
1750448666598 62.09153892880394 43
1750448678607 62.992633092971076 44
1750448692765 62.89541480654762 45
1750448705072 62.722614106677824 46
1750448718415 65.13132658458892 47
1750448731694 60.89418556576683 48
1750448745248 64.65270487467448 49
1750448758870 63.95176169985817 50
1750448772072 65.01118305751255 51
1750448784452 62.118824731735955 52
1750448796700 61.42670113699777 53
