1750442119135 0.19217551066431887 0
1750442136111 0.1684865864903428 1
1750442151187 0.15862401488215425 2
1750442166164 0.14883090313090835 3
1750442181155 0.13862537731264912 4
1750442196793 0.13323041346184042 5
1750442213249 0.12337905393783437 6
1750442228436 0.11912040862926217 7
1750442243529 0.1182196420985599 8
1750442259048 0.11183110312667004 9
1750442274160 0.10037558317877525 10
1750442289122 0.09659889669612397 11
1750442304123 0.09065301473750624 12
1750442319142 0.08530533487020536 13
1750442334093 0.08323345385318578 14
1750442349121 0.0759309240032074 15
1750442364245 0.07677468406253082 16
1750442379488 0.07150484171024589 17
1750442394748 0.068641240253698 18
1750442410018 0.06347475101261638 19
1750442425191 0.06504740687303764 20
1750442440227 0.0618687107465988 21
1750442455126 0.06085552587065586 22
1750442470161 0.05671810679310976 23
1750442485107 0.0574199890847816 24
1750442500054 0.05658454309369242 25
1750442515269 0.05429238063651462 26
1750442530311 0.04964246930078019 27
1750442545358 0.05218914636345797 28
1750442560235 0.04933951344600944 29
1750442575278 0.047253437253624894 30
1750442590288 0.049469410723378494 31
1750442605382 0.04533907840418261 32
1750442620532 0.046114150867905726 33
1750442635537 0.045432708551024284 34
1750442650561 0.043207176549490106 35
1750442665541 0.040304846195287486 36
1750442680487 0.041516512632369995 37
1750442695565 0.0415220157524874 38
1750442710515 0.042264703271347424 39
1750442725473 0.04171731141070987 40
1750442740552 0.039464193764467574 41
1750442755569 0.040806582327498946 42
1750442770567 0.04220404103398323 43
1750442785413 0.03773442868056685 44
1750442800378 0.03742390888374905 45
1750442815385 0.037028630242444745 46
1750442830447 0.038644200234219085 47
1750442845489 0.03611130921473337 48
1750442860322 0.037146769723919934 49
1750442875221 0.0380035605888034 50
1750442890211 0.03679487806593263 51
1750442905513 0.03563864639592032 52
1750442920558 0.03564558537720248 53
1750442935651 0.035773109947872715 54
1750442950697 0.03805612911318624 55
1750442965680 0.03590866944990879 56
1750442980692 0.035359444573175074 57
1750442995811 0.03600517742682335 58
1750443010785 0.03608240702644337 59
1750443025951 0.03458627382683199 60
1750443040982 0.03450435365355292 61
1750443056161 0.03446878713750562 62
1750443071193 0.034999575552552245 63
1750443086157 0.03524395394637141 64
1750443101136 0.03599472881056542 65
1750443116418 0.03373378302988618 66
1750443131588 0.03458489663898945 67
1750443146572 0.035265904396425844 68
