1750447808060 199.99066162109375 0
1750447808273 193.52230834960938 1
1750447808485 159.2938232421875 2
1750447808698 119.4254150390625 3
1750447808913 125.91883850097656 4
1750447809139 107.66905212402344 5
1750447809361 105.0648422241211 6
1750447809569 103.63787841796875 7
1750447809784 103.7015380859375 8
1750447809989 115.94685363769531 9
1750447810201 95.88540649414062 10
1750447810410 102.88278198242188 11
1750447810620 121.85107421875 12
1750447810832 104.51007843017578 13
1750447811038 112.40426635742188 14
1750447811252 102.8184814453125 15
1750447811468 101.0278091430664 16
1750447811678 92.500244140625 17
1750447811894 94.29371643066406 18
1750447812107 93.70111083984375 19
1750447812326 93.68316650390625 20
1750447821971 96.84827423095703 21
1750447822184 89.54638671875 22
1750447822392 101.81214141845703 23
1750447822600 90.95240783691406 24
1750447822825 98.84053039550781 25
1750447823052 105.79994201660156 26
1750447823265 100.25141906738281 27
1750447823475 109.6497573852539 28
1750447823693 105.39682006835938 29
1750447823906 91.03307342529297 30
1750447824117 100.42523956298828 31
1750447824324 86.03750610351562 32
1750447824543 98.03435516357422 33
1750447824755 90.92742919921875 34
1750447824968 82.61708068847656 35
1750447825186 92.92520141601562 36
1750447825399 86.18267822265625 37
1750447825619 109.73041534423828 38
1750447825825 86.82220458984375 39
1750447826040 90.531494140625 40
1750447826261 90.66363525390625 41
1750447834027 101.09992980957031 42
1750447834243 100.23692321777344 43
1750447834454 83.68498992919922 44
1750447834669 87.96139526367188 45
1750447834888 85.42780303955078 46
1750447835116 92.66595458984375 47
1750447835328 87.31612396240234 48
1750447835534 102.20099639892578 49
1750447835745 100.64425659179688 50
1750447835958 83.17741394042969 51
1750447836175 85.69767761230469 52
1750447836385 85.99720764160156 53
1750447836597 89.7584457397461 54
1750447836809 92.8375244140625 55
1750447837029 91.10270690917969 56
1750447837240 88.09406280517578 57
1750447837460 82.1821060180664 58
1750447837675 108.42548370361328 59
1750447837887 90.75543212890625 60
1750447838094 84.3514404296875 61
1750447838304 87.43917846679688 62
1750447845985 85.1187744140625 63
1750447846196 96.29173278808594 64
1750447846413 80.40472412109375 65
1750447846622 86.65060424804688 66
1750447846833 79.64788055419922 67
1750447847049 85.32746887207031 68
1750447847260 89.41983032226562 69
1750447847466 83.650146484375 70
1750447847695 85.55697631835938 71
1750447847907 78.72224426269531 72
1750447848113 99.40087127685547 73
1750447848319 89.84259033203125 74
1750447848538 83.2069091796875 75
1750447848753 86.84506225585938 76
1750447848961 89.39964294433594 77
1750447849178 83.66058349609375 78
1750447849402 92.84519958496094 79
1750447849608 78.78945922851562 80
1750447849817 87.88875579833984 81
1750447850031 89.3066635131836 82
1750447850248 91.13226318359375 83
1750447858000 90.7523422241211 84
1750447858215 83.891845703125 85
1750447858426 89.30563354492188 86
1750447858648 70.3090591430664 87
1750447858861 83.7828598022461 88
1750447859068 118.77420806884766 89
1750447859285 84.1285629272461 90
1750447859517 68.23548889160156 91
1750447859735 87.97715759277344 92
1750447859956 96.66921997070312 93
1750447860183 92.89966583251953 94
1750447860400 80.13047790527344 95
1750447860620 89.89129638671875 96
1750447860836 86.0159683227539 97
1750447861053 88.03598022460938 98
1750447861264 75.68295288085938 99
1750447861475 80.16986083984375 100
1750447861686 93.78953552246094 101
1750447861899 78.50982666015625 102
1750447862108 87.76507568359375 103
1750447862319 98.88661193847656 104
1750447870103 100.9346923828125 105
1750447870316 95.47395324707031 106
