1750447903401 184.5247802734375 0
1750447903620 180.68092346191406 1
1750447903833 125.18190002441406 2
1750447904044 118.48283386230469 3
1750447904257 106.0721435546875 4
1750447904463 102.81825256347656 5
1750447904676 109.66114807128906 6
1750447904901 86.55265808105469 7
1750447905115 102.24264526367188 8
1750447905322 100.3821792602539 9
1750447905532 116.2109375 10
1750447905735 98.16343688964844 11
1750447905942 125.4014892578125 12
1750447906163 107.674560546875 13
1750447906373 106.87542724609375 14
1750447906578 107.54598236083984 15
1750447906792 107.40473175048828 16
1750447907020 105.96949768066406 17
1750447907233 99.82485961914062 18
1750447907438 96.06587982177734 19
1750447907642 99.7264175415039 20
1750447917295 88.51686096191406 21
1750447917518 111.46966552734375 22
1750447917731 96.53543090820312 23
1750447917943 88.42200469970703 24
1750447918157 91.03340148925781 25
1750447918366 96.68687438964844 26
1750447918590 96.47350311279297 27
1750447918809 94.58369445800781 28
1750447919022 98.07392883300781 29
1750447919253 92.47465515136719 30
1750447919467 93.22494506835938 31
1750447919685 95.13932800292969 32
1750447919900 91.37815856933594 33
1750447920116 91.11013793945312 34
1750447920323 100.95782470703125 35
1750447920531 92.76927947998047 36
1750447920746 82.65660095214844 37
1750447920963 89.5661849975586 38
1750447921177 95.14014434814453 39
1750447921391 84.88810729980469 40
1750447921606 91.9886474609375 41
1750447929317 81.28550720214844 42
1750447929535 96.33967590332031 43
1750447929750 92.44525909423828 44
1750447929959 86.70472717285156 45
1750447930185 103.88690185546875 46
1750447930392 92.25780487060547 47
1750447930604 91.18106079101562 48
1750447930812 87.96881103515625 49
1750447931029 98.58577728271484 50
1750447931242 91.66798400878906 51
1750447931452 102.95915222167969 52
1750447931666 80.46855163574219 53
1750447931878 95.3761978149414 54
1750447932086 102.00987243652344 55
1750447932306 92.64446258544922 56
1750447932514 98.78524017333984 57
1750447932726 86.83100891113281 58
1750447932945 109.84007263183594 59
1750447933156 82.30044555664062 60
1750447933366 91.30121612548828 61
1750447933576 97.832275390625 62
1750447941547 92.22799682617188 63
1750447941768 96.99208068847656 64
1750447941994 101.26661682128906 65
1750447942226 84.02268981933594 66
1750447942449 85.77616882324219 67
1750447942672 86.62812805175781 68
1750447942890 87.47221374511719 69
1750447943116 93.4249496459961 70
1750447943339 86.53605651855469 71
1750447943571 91.55200958251953 72
1750447943800 85.85407257080078 73
1750447944171 91.80018615722656 74
1750447944397 85.53138732910156 75
1750447944606 84.56668090820312 76
1750447944820 96.12107849121094 77
1750447945053 86.48045349121094 78
1750447945275 96.09138488769531 79
1750447945491 95.88229370117188 80
1750447945707 78.88729858398438 81
1750447945922 86.25447082519531 82
1750447946137 85.8849105834961 83
1750447953988 91.51271057128906 84
1750447954256 81.69056701660156 85
1750447955162 78.80426788330078 86
1750447955921 68.43321228027344 87
1750447956151 82.01082611083984 88
1750447956375 92.51409912109375 89
1750447956591 81.09837341308594 90
1750447956801 79.83407592773438 91
1750447957017 85.48760986328125 92
1750447957223 82.21769714355469 93
1750447957438 94.81320190429688 94
1750447957658 84.79682159423828 95
1750447957872 86.10726165771484 96
1750447958088 90.36418151855469 97
1750447958305 86.99900817871094 98
1750447958526 82.76185607910156 99
1750447958750 91.95817565917969 100
1750447958962 90.52195739746094 101
1750447959182 80.99919128417969 102
1750447959409 87.82208251953125 103
1750447959638 89.01947021484375 104
1750447967517 90.02377319335938 105
1750447967733 84.4677963256836 106
1750447967947 82.82785034179688 107
1750447968180 78.0407485961914 108
1750447968410 81.25291442871094 109
1750447968630 78.04618835449219 110
1750447968853 87.462158203125 111
1750447969072 86.12739562988281 112
1750447969507 83.47394561767578 113
1750447970947 84.63664245605469 114
1750447971280 101.09353637695312 115
1750447971525 76.98643493652344 116
1750447971770 86.5293960571289 117
1750447972001 81.08872985839844 118
1750447972217 74.51898193359375 119
1750447972452 92.56666564941406 120
1750447972668 77.3587875366211 121
1750447972897 94.43791198730469 122
1750447973142 94.06004333496094 123
1750447973384 79.50082397460938 124
1750447973607 85.16110229492188 125
1750447981754 76.38189697265625 126
1750447981969 74.37589263916016 127
1750447982182 89.14573669433594 128
1750447982395 87.62785339355469 129
1750447982606 84.41263580322266 130
1750447982832 86.97914123535156 131
1750447983046 76.16151428222656 132
1750447983263 93.07364654541016 133
1750447983483 86.50679016113281 134
1750447983697 78.73582458496094 135
1750447983917 86.7866439819336 136
1750447984140 78.15432739257812 137
1750447984439 77.83251190185547 138
1750447984780 82.5656967163086 139
1750447985055 80.1130599975586 140
1750447985396 71.69435119628906 141
1750447985834 78.53660583496094 142
1750447986076 70.60860443115234 143
1750447986296 71.59495544433594 144
1750447986506 80.72897338867188 145
1750447986723 74.66854858398438 146
1750447995894 78.24797058105469 147
1750447996108 81.71449279785156 148
1750447996330 75.17031860351562 149
1750447996542 88.68327331542969 150
1750447996758 84.48460388183594 151
1750447996973 74.89384460449219 152
1750447997187 70.00079345703125 153
1750447997407 76.75483703613281 154
1750447997620 76.828125 155
1750447997835 65.64653015136719 156
1750447998057 92.79865264892578 157
1750447998275 73.56535339355469 158
1750447998490 74.45687866210938 159
1750447998708 86.60982513427734 160
1750447998931 73.58232879638672 161
1750447999143 81.3418197631836 162
1750447999359 75.43097686767578 163
1750447999578 73.05528259277344 164
1750447999786 86.51417541503906 165
1750448000005 80.85836029052734 166
1750448000229 73.5809326171875 167
1750448008083 73.70468139648438 168
1750448008300 79.15115356445312 169
1750448008514 78.89408111572266 170
1750448008732 67.06416320800781 171
1750448008944 73.1085433959961 172
1750448009153 79.54210662841797 173
1750448009365 77.61544799804688 174
1750448009579 74.08521270751953 175
1750448009795 79.37095642089844 176
1750448010003 81.37371826171875 177
1750448010213 80.87034606933594 178
1750448010427 80.05458068847656 179
1750448010640 74.34866333007812 180
1750448010871 81.02314758300781 181
1750448011091 75.24593353271484 182
1750448011302 64.42548370361328 183
1750448011513 74.25395965576172 184
1750448011728 83.01408386230469 185
1750448011948 77.0452880859375 186
1750448012162 73.88668060302734 187
1750448012379 70.77180480957031 188
1750448020391 73.56165313720703 189
1750448020605 77.04296112060547 190
1750448020824 77.18925476074219 191
1750448021031 71.09718322753906 192
1750448021246 74.94587707519531 193
1750448021456 79.28350067138672 194
1750448021670 74.70458984375 195
1750448021892 73.4454345703125 196
1750448022107 82.4289321899414 197
1750448022318 78.26715850830078 198
1750448022530 73.75749969482422 199
1750448022735 77.64878845214844 200
1750448022945 67.94513702392578 201
1750448023173 77.51717376708984 202
1750448023388 70.43441772460938 203
1750448023593 71.01972961425781 204
1750448023805 76.36512756347656 205
1750448024022 66.41525268554688 206
1750448024231 73.32325744628906 207
1750448024443 72.2994384765625 208
1750448024680 78.35935974121094 209
1750448033863 66.69380187988281 210
1750448034080 73.36449432373047 211
1750448034300 67.6978759765625 212
1750448034511 82.19479370117188 213
1750448034732 73.72254943847656 214
1750448034951 69.6009292602539 215
1750448035166 70.14537048339844 216
1750448035390 75.26034545898438 217
1750448035605 72.3909912109375 218
1750448035834 71.65216827392578 219
1750448036058 67.49030303955078 220
1750448036281 69.2280044555664 221
1750448036496 79.66726684570312 222
1750448036720 71.16545867919922 223
1750448036935 74.56222534179688 224
1750448037159 76.86213684082031 225
1750448037383 68.44723510742188 226
1750448037613 72.68697357177734 227
1750448037832 74.09136962890625 228
1750448038050 77.3388671875 229
1750448038267 72.27630615234375 230
1750448047074 69.42417907714844 231
1750448047286 79.33161163330078 232
1750448047502 65.71125030517578 233
1750448047708 65.06558990478516 234
1750448047918 68.81483459472656 235
1750448048134 75.78390502929688 236
1750448048345 70.2771224975586 237
1750448048556 66.1624984741211 238
1750448048766 76.34271240234375 239
1750448048974 65.28632354736328 240
1750448049188 65.07508850097656 241
1750448049400 80.85018920898438 242
1750448049616 72.4007568359375 243
1750448049834 74.18666076660156 244
1750448050044 66.17225646972656 245
1750448050255 63.088233947753906 246
1750448050469 70.18989562988281 247
1750448050683 73.09857177734375 248
1750448050893 79.612548828125 249
1750448051100 70.5168685913086 250
1750448051315 76.47697448730469 251
1750448058977 62.83009338378906 252
1750448059268 67.65166473388672 253
1750448060197 68.90974426269531 254
1750448060592 67.95059204101562 255
1750448060865 59.37799835205078 256
1750448061108 60.64289093017578 257
1750448061326 64.80105590820312 258
1750448061552 63.171382904052734 259
1750448061791 61.477073669433594 260
1750448062009 71.93854522705078 261
1750448062222 61.49846649169922 262
1750448062450 78.04348754882812 263
1750448062668 78.85476684570312 264
1750448062893 70.63882446289062 265
1750448063136 61.65570068359375 266
1750448063346 68.39984130859375 267
1750448063555 69.500732421875 268
1750448063765 68.78553009033203 269
1750448063974 60.67748260498047 270
1750448064188 63.46384811401367 271
1750448064395 66.471435546875 272
1750448073753 72.5882797241211 273
1750448073962 70.86016845703125 274
1750448074169 80.07798767089844 275
1750448074380 66.76071166992188 276
1750448074589 62.502803802490234 277
1750448074797 60.820919036865234 278
1750448075018 66.64411926269531 279
1750448075230 59.30803680419922 280
1750448075442 62.705848693847656 281
1750448075659 67.76118469238281 282
1750448075876 68.38682556152344 283
1750448076091 70.84912872314453 284
1750448076305 72.04974365234375 285
1750448076521 61.59024429321289 286
1750448076734 69.26180267333984 287
1750448076945 62.405845642089844 288
1750448077161 74.35984802246094 289
1750448077366 69.15946197509766 290
1750448077579 61.869991302490234 291
1750448077792 56.820831298828125 292
1750448078005 69.1971664428711 293
