1750414026065 41.12541961669922 0
1750414026679 40.485618591308594 1
1750414027395 39.71052169799805 2
1750414027988 39.09431457519531 3
1750414028743 39.344017028808594 4
1750414029340 38.39936828613281 5
1750414029978 39.048789978027344 6
1750414030609 37.90235900878906 7
1750414031334 37.924278259277344 8
1750414032179 38.27151870727539 9
1750414033097 37.577056884765625 10
1750414033915 37.598026275634766 11
1750414034608 38.13629150390625 12
1750414035476 38.0250358581543 13
1750414036237 37.531620025634766 14
1750414037037 37.62391662597656 15
1750414037715 37.075279235839844 16
1750414038639 37.239166259765625 17
1750414039417 37.528987884521484 18
1750414040242 37.752105712890625 19
1750414041046 37.422847747802734 20
1750414041825 37.06193923950195 21
1750414042681 37.34136199951172 22
1750414043473 37.367523193359375 23
1750414044306 37.05440139770508 24
1750414045092 37.00434875488281 25
1750414045813 37.07276916503906 26
1750414046505 36.61285400390625 27
1750414047149 36.5713996887207 28
1750414047974 36.38338088989258 29
1750414048874 36.63137435913086 30
1750414049761 36.739036560058594 31
1750414050437 36.72496795654297 32
1750414051363 36.48623275756836 33
1750414052032 36.78531265258789 34
1750414052811 36.33428192138672 35
1750414053526 36.29443359375 36
1750414054260 36.74382019042969 37
1750414054959 36.22874069213867 38
1750414055903 36.60836410522461 39
1750414056805 36.06682586669922 40
1750414057739 36.54191207885742 41
1750414058504 36.321720123291016 42
