1750430767811 37.10422427155251 0
1750430784714 35.23256470436274 1
1750430799716 32.964872759441995 2
1750430814624 29.640867144562478 3
1750430829728 25.398363956185275 4
1750430846934 21.95571331645167 5
1750430862748 18.998985024385675 6
1750430878632 16.2356014251709 7
1750430893781 13.81134849370912 8
1750430909036 11.653160095214844 9
1750430925631 9.4136283231336 10
1750430940888 7.726139878117761 11
1750430957310 6.569916192875352 12
1750430972264 5.925491150035414 13
1750430987184 4.94661389395248 14
1750431002242 4.451896512231161 15
1750431017152 3.9132379542949587 16
1750431032264 3.3893032517544057 17
1750431047171 3.1453125365944796 18
1750431062131 2.888106623361277 19
1750431077050 2.255992132563924 20
1750431092173 2.0087046235106714 21
1750431107687 1.8541648748309114 22
1750431122809 1.7906107278757317 23
1750431137748 1.6388200937315476 24
1750431152714 1.359735634437827 25
1750431167920 1.3334663371707118 26
1750431182860 1.3045625880707141 27
1750431198033 1.1852015866789707 28
1750431213050 1.1858085380044094 29
1750431227955 1.0410479570544042 30
1750431242924 0.9402211460956308 31
1750431258006 0.8792404899763506 32
1750431272873 0.8662734773269919 33
1750431287831 0.8391249193701633 34
1750431302860 0.8042520548022071 35
1750431318285 0.817580220311187 36
1750431333351 0.7410216248312662 37
1750431348358 0.6949033834213434 38
1750431363292 0.6178361047492471 39
1750431378325 0.6063244270030842 40
1750431393323 0.5447724125413007 41
1750431408174 0.5373454256806263 42
1750431423043 0.5881886139165523 43
1750431437986 0.6109366035738657 44
1750431453053 0.5804874900468561 45
1750431468158 0.5551385851793511 46
1750431483202 0.5163895645460417 47
1750431498244 0.5195633131404256 48
1750431513112 0.47669385148342264 49
1750431528207 0.5032194428319154 50
1750431543577 0.4747364056664844 51
1750431558534 0.41733992775512296 52
1750431573429 0.44684118586917254 53
1750431588437 0.4550030337170113 54
1750431603419 0.41504384317370346 55
1750431618324 0.4161602040362913 56
1750431633360 0.42219708045554716 57
1750431648418 0.41432716194973435 58
1750431663475 0.4074522664034089 59
1750431678795 0.4288932923660722 60
1750431694284 0.4178631627975508 61
1750431709433 0.40010246391906296 62
1750431729105 0.44342278914396155 63
1750431746082 0.3633384396170461 64
1750431761280 0.3249873810036238 65
1750431777771 0.38220549859972885 66
1750431793309 0.3719735945206742 67
1750431808386 0.3514089366031248 68
1750431824596 0.3277253965998805 69
1750431840861 0.34664769106826115 70
1750431856142 0.3941656312970228 71
1750431871263 0.3101250328296839 72
1750431886505 0.34749751572692117 73
1750431901515 0.3987569092491338 74
1750431916552 0.34317703510439673 75
1750431931669 0.3399609689449155 76
1750431946804 0.3363251836840497 77
1750431961904 0.3347614083525746 78
1750431976957 0.38457510377778564 79
1750431991974 0.33519552145586456 80
1750432007136 0.3704273036226284 81
1750432022270 0.31414942460697753 82
1750432037370 0.35229824604683146 83
1750432052922 0.33765368059624074 84
1750432068087 0.3318105237775071 85
1750432083341 0.28624881544085434 86
1750432098483 0.31621254530063897 87
1750432113645 0.334782435450443 88
1750432128827 0.33898855122022853 89
1750432143950 0.3010812483208124 90
1750432159426 0.31194874146130197 91
1750432174653 0.33065189265234524 92
1750432189909 0.3052434685618378 93
1750432204990 0.32521828090728716 94
1750432220171 0.36862900541272275 95
1750432235251 0.31986011183539104 96
1750432250327 0.33770119034966756 97
1750432265311 0.3699511667323667 98
1750432280610 0.3373326197439848 99
1750432295811 0.33397250821770624 100
1750432310984 0.2699183433554893 101
1750432326059 0.2985929354678753 102
1750432341284 0.3100563649867856 103
1750432356411 0.34997358441699383 104
1750432371786 0.33957939179137697 105
1750432386933 0.30181866061202317 106
1750432402091 0.31977064283781276 107
1750432417441 0.31803846593166507 108
1750432432585 0.31152714303759643 109
1750432447864 0.32090540178293403 110
1750432463177 0.33960333016029626 111
1750432478485 0.3244820727511894 112
1750432493637 0.3516239678097326 113
1750432508841 0.3336996626715327 114
1750432524069 0.3461082578138557 115
1750432539464 0.31291342405385747 116
1750432554626 0.3316851868185886 117
1750432569781 0.3338642428780711 118
1750432584986 0.3670567466422569 119
1750432600210 0.30041088007910305 120
1750432615280 0.30864546742550164 121
1750432630359 0.310766282036554 122
1750432645621 0.3020735835266668 123
1750432661272 0.3353426735415015 124
1750432678192 0.32381922587059264 125
1750432694598 0.2957382299179255 126
1750432710402 0.3156769570223121 127
1750432726132 0.3284974808609763 128
1750432741911 0.3110400311822115 129
1750432757611 0.3004906945103823 130
1750432773388 0.32870092069686846 131
1750432789332 0.31887557513492054 132
1750432805207 0.3014948906940083 133
1750432821147 0.3214449647727401 134
1750432851081 0.32980877888757126 135
1750432876106 0.29534194583809653 136
1750432908984 0.3138712409797103 137
1750432937026 0.3324265514695367 138
1750432965559 0.3311998059236726 139
1750432997483 0.3208956983546878 140
1750433032174 0.3241708998590015 141
1750433072044 0.28789676951114523 142
1750433099393 0.2890266959750375 143
